e = 4 ;
g = 19;